163035
118158
76871
48314
32841
24810
20459
17544
15177
13485
11514
10331
9681
8793
8232
7320
6262
5584
5062
4314
3769
2926
2562
2077
1829
1546
1434
1168
1061
888
819
781
751
774
696
675
630
601
630
666
617
579
515
451
506
495
488
478
537
507
480
445
486
426
373
360
342
321
344
360
323
319
303
354
361
375
351
332
346
363
400
398
326
310
337
464
378
353
358
435
434
458
386
338
260
241
247
251
236
189
185
213
163
214
185
160
182
185
203
167
224
195
212
228
217
196
157
163
177
239
204
204
181
196
159
154
117
118
179
136
140
140
171
159
181
238
179
148
130
124
115
149
170
169
198
203
191
200
212
161
215
184
187
233
256
217
180
188
219
241
362
297
282
317
347
387
420
384
365
437
440
455
504
508
578
591
635
614
497
527
427
387
369
306
340
400
476
463
358
312
308
187
212
262
131
120
80
123
205
166
141
172
131
135
210
218
113
79
22
10
