829373
571012
302422
137627
58887
26087
14239
8596
5592
3744
2563
2208
1861
1567
1326
1155
908
771
682
691
572
488
476
477
464
477
441
388
423
400
369
374
307
384
346
266
380
298
333
311
306
318
324
325
266
285
277
284
263
256
255
266
258
252
261
222
260
253
263
256
225
225
198
237
254
228
238
274
237
226
241
210
216
200
182
204
220
242
190
179
198
232
217
229
185
241
231
204
165
207
199
198
230
205
214
193
225
217
256
177
253
214
167
194
264
239
198
252
215
269
231
243
219
247
276
274
249
259
288
312
295
316
357
376
395
470
500
503
514
531
486
428
449
454
337
293
379
458
405
465
341
275
239
200
255
259
243
148
134
159
129
166
165
237
222
156
169
186
264
174
181
252
251
206
157
126
173
119
87
101
117
135
147
163
78
84
79
98
93
124
150
112
71
95
105
125
184
92
103
149
104
75
80
84
115
45
55
56
98
70
